42188972212
42188972213
42188972284
42188972297
42188972301
42188972430
42188972443
42188972601
42188972784
42188972952
42188973094
42188973105
42188973190
42188973248
42188973312
42188973344
42188973489
42188973642
42188973712
42188973918
42188973952
42188974096
42188974261
42188974344
42188974347
42188974381
42188974500
42188974533
42188974685
42188974686
42188974759
42188974940
42188975174
42188975190
42188975249
42188975250
42188975295
42188975314
42188975363
42188975426
42188975505
42188975522
42188975616
42188975626
42188975720
42188975746
42188975761
42188975863
42188975987
42188976082
42188976098
42188976104
42188976164
42188976311
42188976379
42188976679
42188976711
42188976791
42188976894
42188977043
42188977193
42188977256
42188977273
42188977409
42188977453
42188977462
42188977837
42188977962
42188978073
42188978193
42188978197
42188978219
42188978221
42188978250
42188978407
42188978431
42188978646
42188978702
42188978747
42188978884
42188978905
42188978977
42188978993
42188979056
42188979123
42188979161
42188979178
42188979221
42188979246
42188979251
42188979266
42188979305
42188979320
42188979352
42188979429
42188979510
42188979613
42188979775
42188979796
42188979821
42188979863
42188980053
42189119649
42189119948
42189120079
42189120193
42189120247
42189120308
42189120341
42189120551
42189120760
42189120969
42189120982
42189120994
42189121055
42189121069
42189121338
42189121363
42189121586
42189121773
42189121980
42189121981
42189122102
42189122242
42189122315
42189122339
42189122370
42189122512
42189122703
42189122759
42189122765
42189122816
42189122979
42189123060
42189123107
42189123418
42189123425
42189123590
42189123717
42189123791
42189123833
42189123912
42189123931
42189123981
42189124106
42189124707
42189124736
42189124787
42189124945
42189124979
42189125037
42189125298
42189125443
42189125469
42189125530
42189125584
42189125903
42189125907
42189125922
42189126192
42189126611
42189126704
42189126735
42189126904
42189127058
42189127265
42189127391
42189127439
42189127516
42189439047
42189439088
42189439099
42189439142
42189439171
42189439211
42189439217
42189439221
42189439272
42189439296
42189439450
42189439457
42189439487
42189439521
42189439600
42189439613
42189439616
42189439674
42189439698
42189439739
42189439757
42189440062
42189440150
42189440166
42189440278
42189440353
42189440475
42189440498
42189440520
42189440568
42189440660
42189440702
42189440716
42189440729
42189440755
42189440760
42189440761
42189440790
42189440797
42189440799
42189440832
42189440838
42189440851
42189440852
42189440864
42189440875
42189440899
42189440902
42189440905
42189440914
42189440940
42189440945
42189440976
42189441071
42189441125
42189441219
42189441260
42189441271
42189441337
42189441358
42189441382
42189441477
42189441482
42189441492
42189441498
42189441551
42189441559
42189441569
42189441610
42189441642
42189441643
42189441653
42189441710
42189441724
42189441751
42189441783
42189441803
42189441806
42189441822
42189441847
42189441883
42189441892
42189441909
42189441915
42189441927
42189441966
42189442057
42189442095
42189442099
42189442164
42189442183
42189442203
42189442274
42189442298
42189442311
42189442344
42189442357
42189442413
42189442449
42189442560
42189442598
42189442710
42189442750
42189442821
42189442960
42189442967
42189442970
42189442997
42189443001
42189443082
42189443106
42189443155
42189443166
42189443167
42189443192
42189443194
42189443227
42189443274
42189443283
42189443288
42189443361
42189443434
42189443527
42189443548
42189443568
42189443597
42189443616
42189443731
42189443800
42189443877
42189443892
42189443962
42189444021
42189444029
42189444052
42189444088
42189444118
42189444159
42189444192
42189444195
42189444210
42189444239
42189444262
42189444285
42189444386
42189444412
42189444415
42189444433
42189444438
42189444520
42189444579
42189444606
42189444676
42189444677
42189444679
42189444688
42189444692
42189444704
42189444762
42189444807
42189444850
42189444854
42189444963
42189445039
42189445098
42189445125
42189445158
42189445175
42189445196
42189445198
42189445202
42189445203
42189445208
42189445282
42189445318
42189445383
42189445440
42189445471
42189445550
42189445569
42189445574
42189445579
42189445587
42189445610
42189445656
42189445664
42189445685
42189445693
42189445729
42189445734
42189445736
42189445748
42189445775
42189445832
42189445866
42189445884
42189445981
42189445988
42189445993
42189445995
42189446019
42189446090
42189446098
42189446127
42189446147
42189446153
42189446161
42189446170
42189446201
42189446221
42189446222
42189446268
42189446270
42189446348
42189446369
42189446380
42189446402
42189446407
42189446412
42189446426
42189446464
42189446474
42189446512
42189446551
42189446654
42189446720
42189446743
42189446826
42189446834
42189446894
42189447044
42189447057
42189447084
42189447164
